{"objects":{"components":[{"propertiesV3":[],"uuid":"9e345c03-1e8d-4de7-8f0b-3ce9a36f97f3-00043664","name":"索面","familyName":"索面","typeName":"索面","typeId":272692,"revitId":"276068","typec":"索面: 索面","type":"FamilyInstance","category":"OST_GenericModel","properties":{"Category":"一般模型","Name":"索面","ElementPoint":"(-18.731662555, 3.067931081, -0.000035585)","ElementRotation":"(1.000000000, 0.000000000, 0.000000000)","Mirrored":"False","HandFlipped":"False","HandOrientation":"(1.000000000, 0.000000000, 0.000000000)","FacingFlipped":"False","FacingOrientation":"(0.000000000, 1.000000000, 0.000000000)","Translation":"(-18.731662555, 3.067931081, -0.000035585)","matrix":"1,0,0,0,0,1,0,0,0,0,1,0,-5.7094107469116,0.935105393569306,-1.08461949419052E-05,1","BoundingBox":"(2361.301854409, 536.411504337, 827.743977227),(-2398.765179520, -536.860560095, 0.000000000)","【自適應元件】【Instance】翻轉":"否","【階段】【Instance】建立階段":"新构造","【階段】【Instance】拆除階段":"無","【尺寸】【Instance】體積":"0.00","【識別資料】【Instance】影像":"<無>","【尺寸】【Type】索面宽":"44000","【尺寸】【Type】直线段长度":"340000","【尺寸】【Type】塔顶高":"210172","【尺寸】【Type】圆弧段长度":"750000","【尺寸】【Type】中跨跨度":"730000","【尺寸】【Type】d2":"4317","【尺寸】【Type】d1":"1558","【尺寸】【Type】bg3":"65877","【尺寸】【Type】bg2":"61190","【尺寸】【Type】bg1":"52690","【識別資料】【Type】類型影像":"<無>","【識別資料】【Type】成本":"0.00"}},{"propertiesV3":[],"uuid":"9e345c03-1e8d-4de7-8f0b-3ce9a36f97f3-00044b85","name":"拉索","familyName":"拉索","typeName":"拉索","typeId":271572,"revitId":"281477","typec":"拉索: 拉索","type":"FamilyInstance","category":"OST_GenericModel","properties":{"Category":"一般模型","Name":"拉索","ElementPoint":"(1214.130189331, 53.773373097, 352.609645959)","ElementRotation":"(-0.397845236, 0.839856067, -0.369270842)","Mirrored":"False","HandFlipped":"False","HandOrientation":"(-0.397845236, 0.839856067, -0.369270842)","FacingFlipped":"False","FacingOrientation":"(-0.561472849, 0.095434860, 0.821973496)","Translation":"(1214.130189331, 53.773373097, 352.609645959)","matrix":"-0.397845236312265,0.839856067131908,-0.369270841585632,0,-0.561472848931891,0.0954348600167101,0.821973495561686,0,0.725580738344082,0.53435379103672,0.43358807426951,0,370.066881708207,16.3901241199712,107.475420088323,1","BoundingBox":"(1352.296967527, 129.447448057, 525.446757414),(1088.914248044, -44.050923165, 199.207042808)","【約束】【Instance】樓層":"标高 1","【約束】【Instance】高程":"235075","【約束】【Instance】與鄰近元素一同移動":"否","【階段】【Instance】建立階段":"新构造","【階段】【Instance】拆除階段":"無","【尺寸】【Instance】體積":"1.84","【識別資料】【Instance】影像":"<無>","【尺寸】【Type】拉索半径":"75","【識別資料】【Type】類型影像":"<無>","【識別資料】【Type】成本":"0.00"}},{"propertiesV3":[],"uuid":"9e345c03-1e8d-4de7-8f0b-3ce9a36f97f3-00044b86","name":"拉索","familyName":"拉索","typeName":"拉索","typeId":271572,"revitId":"281478","typec":"拉索: 拉索","type":"FamilyInstance","category":"OST_GenericModel","properties":{"Category":"一般模型","Name":"拉索","ElementPoint":"(1737.593435759, 52.457151636, 433.633863631)","ElementRotation":"(-0.428857009, 0.885820502, 0.177210903)","Mirrored":"False","HandFlipped":"False","HandOrientation":"(-0.428857009, 0.885820502, 0.177210903)","FacingFlipped":"False","FacingOrientation":"(0.857153369, 0.460951872, -0.229807469)","Translation":"(1737.593435759, 52.457151636, 433.633863631)","matrix":"-0.428857008567311,0.885820502131445,0.177210903181189,0,0.857153369492694,0.460951872300107,-0.229807468526042,0,-0.285253864776657,0.0533423792740952,-0.956966469215802,0,529.618479219404,15.9889398187067,132.171601634813,1","BoundingBox":"(2361.301854409, 531.757102724, 681.636109434),(1131.090463525, -450.886332425, 172.906142231)","【約束】【Instance】樓層":"标高 1","【約束】【Instance】高程":"157573","【約束】【Instance】與鄰近元素一同移動":"否","【階段】【Instance】建立階段":"新构造","【階段】【Instance】拆除階段":"無","【尺寸】【Instance】體積":"6.71","【識別資料】【Instance】影像":"<無>","【尺寸】【Type】拉索半径":"75","【識別資料】【Type】類型影像":"<無>","【識別資料】【Type】成本":"0.00"}},{"propertiesV3":[],"uuid":"9e345c03-1e8d-4de7-8f0b-3ce9a36f97f3-00044b87","name":"拉索","familyName":"拉索","typeName":"拉索","typeId":271572,"revitId":"281479","typec":"拉索: 拉索","type":"FamilyInstance","category":"OST_GenericModel","properties":{"Category":"一般模型","Name":"拉索","ElementPoint":"(1739.465104766, 28.388979708, 420.601339897)","ElementRotation":"(0.382749091, -0.880010024, -0.281221426)","Mirrored":"False","HandFlipped":"False","HandOrientation":"(0.382749091, -0.880010024, -0.281221426)","FacingFlipped":"False","FacingOrientation":"(-0.754706113, -0.473401090, 0.454213706)","Translation":"(1739.465104766, 28.388979708, 420.601339897)","matrix":"0.382749090548216,-0.880010024446058,-0.28122142620889,0,-0.754706113065732,-0.473401089898474,0.4542137062927,0,-0.532843144448465,0.0383896464868479,-0.84534278163174,0,530.188963932585,8.65296101487531,128.199288400499,1","BoundingBox":"(2280.449067600, 522.627080737, 810.832629765),(1178.478683404, -441.518112828, 37.000304315)","【約束】【Instance】樓層":"标高 1","【約束】【Instance】高程":"244169","【約束】【Instance】與鄰近元素一同移動":"否","【階段】【Instance】建立階段":"新构造","【階段】【Instance】拆除階段":"無","【尺寸】【Instance】體積":"6.52","【識別資料】【Instance】影像":"<無>","【尺寸】【Type】拉索半径":"75","【識別資料】【Type】類型影像":"<無>","【識別資料】【Type】成本":"0.00"}},{"propertiesV3":[],"uuid":"9e345c03-1e8d-4de7-8f0b-3ce9a36f97f3-00045572","name":"拉索","familyName":"拉索","typeName":"拉索","typeId":271572,"revitId":"284018","typec":"拉索: 拉索","type":"FamilyInstance","category":"OST_GenericModel","properties":{"Category":"一般模型","Name":"拉索","ElementPoint":"(1738.405492355, -21.028204559, 431.981939910)","ElementRotation":"(-0.370657870, 0.926905072, 0.058819478)","Mirrored":"False","HandFlipped":"False","HandOrientation":"(-0.370657870, 0.926905072, 0.058819478)","FacingFlipped":"False","FacingOrientation":"(0.883879503, 0.371485636, -0.284175027)","Translation":"(1738.405492355, -21.028204559, 431.981939910)","matrix":"-0.370657869816738,0.926905072041759,0.0588194777788819,0,0.883879503197636,0.371485636326145,-0.28417502675369,0,-0.285253864776657,-0.0533423792740946,-0.956966469215802,0,529.865994069715,-6.40939674969932,131.668095284621,1","BoundingBox":"(2361.291697788, 417.429665697, 681.615448359),(1131.100620145, -486.028711671, 172.926803306)","【約束】【Instance】樓層":"标高 1","【約束】【Instance】高程":"160460","【約束】【Instance】與鄰近元素一同移動":"否","【階段】【Instance】建立階段":"新构造","【階段】【Instance】拆除階段":"無","【尺寸】【Instance】體積":"6.71","【識別資料】【Instance】影像":"<無>","【尺寸】【Type】拉索半径":"75","【識別資料】【Type】類型影像":"<無>","【識別資料】【Type】成本":"0.00"}},{"propertiesV3":[],"uuid":"9e345c03-1e8d-4de7-8f0b-3ce9a36f97f3-00045573","name":"拉索","familyName":"拉索","typeName":"拉索","typeId":271572,"revitId":"284019","typec":"拉索: 拉索","type":"FamilyInstance","category":"OST_GenericModel","properties":{"Category":"一般模型","Name":"拉索","ElementPoint":"(1738.631435985, -47.544046172, 422.275364369)","ElementRotation":"(0.323001032, -0.932561011, -0.161246066)","Mirrored":"False","HandFlipped":"False","HandOrientation":"(0.323001032, -0.932561011, -0.161246066)","FacingFlipped":"False","FacingOrientation":"(-0.782143540, -0.358965452, 0.509308637)","Translation":"(1738.631435985, -47.544046172, 422.275364369)","matrix":"0.323001031994104,-0.932561011148295,-0.161246066050657,0,-0.782143539732328,-0.358965451720196,0.509308637003438,0,-0.532843144448465,-0.0383896464868473,-0.84534278163174,0,529.934861688344,-14.4914252731921,128.70953105955,1","BoundingBox":"(2280.438640670, 398.390480891, 810.811692270),(1178.489110335, -467.227724475, 37.021241810)","【約束】【Instance】樓層":"标高 1","【約束】【Instance】高程":"353600","【約束】【Instance】與鄰近元素一同移動":"否","【階段】【Instance】建立階段":"新构造","【階段】【Instance】拆除階段":"無","【尺寸】【Instance】體積":"6.52","【識別資料】【Instance】影像":"<無>","【尺寸】【Type】拉索半径":"75","【識別資料】【Type】類型影像":"<無>","【識別資料】【Type】成本":"0.00"}},{"propertiesV3":[],"uuid":"9e345c03-1e8d-4de7-8f0b-3ce9a36f97f3-00045574","name":"拉索","familyName":"拉索","typeName":"拉索","typeId":271572,"revitId":"284020","typec":"拉索: 拉索","type":"FamilyInstance","category":"OST_GenericModel","properties":{"Category":"一般模型","Name":"拉索","ElementPoint":"(1229.241168640, -27.272072823, 352.420788222)","ElementRotation":"(0.685140834, 0.619710871, -0.382806053)","Mirrored":"False","HandFlipped":"False","HandOrientation":"(0.685140834, 0.619710871, -0.382806053)","FacingFlipped":"False","FacingOrientation":"(-0.064145377, 0.574825593, 0.815757873)","Translation":"(1229.241168640, -27.272072823, 352.420788222)","matrix":"0.68514083421226,0.619710870601894,-0.382806052920759,0,-0.0641453773781462,0.574825593430328,0.815757873206558,0,0.725580738344082,-0.53435379103672,0.43358807426951,0,374.672708201341,-8.31252779641367,107.417856250103,1","BoundingBox":"(1295.951647100, 108.534816544, 525.449119511),(1145.259568472, -181.659617111, 199.204680711)","【約束】【Instance】樓層":"标高 1","【約束】【Instance】高程":"278959","【約束】【Instance】與鄰近元素一同移動":"否","【階段】【Instance】建立階段":"新构造","【階段】【Instance】拆除階段":"無","【尺寸】【Instance】體積":"1.84","【識別資料】【Instance】影像":"<無>","【尺寸】【Type】拉索半径":"75","【識別資料】【Type】類型影像":"<無>","【識別資料】【Type】成本":"0.00"}},{"propertiesV3":[],"uuid":"9e345c03-1e8d-4de7-8f0b-3ce9a36f97f3-00045575","name":"拉索","familyName":"拉索","typeName":"拉索","typeId":271572,"revitId":"284021","typec":"拉索: 拉索","type":"FamilyInstance","category":"OST_GenericModel","properties":{"Category":"一般模型","Name":"拉索","ElementPoint":"(1698.110967408, 28.666369628, 413.903569834)","ElementRotation":"(0.380990353, -0.878246376, -0.289014972)","Mirrored":"False","HandFlipped":"False","HandOrientation":"(0.380990353, -0.878246376, -0.289014972)","FacingFlipped":"False","FacingOrientation":"(-0.745552322, -0.476693618, 0.465741270)","Translation":"(1698.110967408, 28.666369628, 413.903569834)","matrix":"0.38099035288442,-0.87824637594954,-0.289014972173597,0,-0.745552321514483,-0.47669361780147,0.465741270054213,0,-0.546807175239472,0.0380328526256758,-0.836394294114793,0,517.584222865992,8.73750946272674,126.157808085496,1","BoundingBox":"(2197.773935568, 491.443611578, 785.125399180),(1178.476650082, -409.858248448, 49.682600517)","【約束】【Instance】樓層":"标高 1","【約束】【Instance】高程":"342857","【約束】【Instance】與鄰近元素一同移動":"否","【階段】【Instance】建立階段":"新构造","【階段】【Instance】拆除階段":"無","【尺寸】【Instance】體積":"6.08","【識別資料】【Instance】影像":"<無>","【尺寸】【Type】拉索半径":"75","【識別資料】【Type】類型影像":"<無>","【識別資料】【Type】成本":"0.00"}},{"propertiesV3":[],"uuid":"9e345c03-1e8d-4de7-8f0b-3ce9a36f97f3-00045576","name":"拉索","familyName":"拉索","typeName":"拉索","typeId":271572,"revitId":"284022","typec":"拉索: 拉索","type":"FamilyInstance","category":"OST_GenericModel","properties":{"Category":"一般模型","Name":"拉索","ElementPoint":"(1673.488821776, 28.811852207, 410.611853384)","ElementRotation":"(0.379436832, -0.877080666, -0.294545745)","Mirrored":"False","HandFlipped":"False","HandOrientation":"(0.379436832, -0.877080666, -0.294545745)","FacingFlipped":"False","FacingOrientation":"(-0.738743833, -0.478866610, 0.474282952)","Translation":"(1673.488821776, 28.811852207, 410.611853384)","matrix":"0.379436831895449,-0.877080665970882,-0.294545745141936,0,-0.738743833182298,-0.478866610002894,0.474282952212561,0,-0.557032530052124,0.0376334320041354,-0.829637562589423,0,510.079392877391,8.78185255263088,125.154492911398,1","BoundingBox":"(2148.562755387, 473.158881891, 771.236539366),(1178.475231838, -391.335321152, 57.255843533)","【約束】【Instance】樓層":"标高 1","【約束】【Instance】高程":"343482","【約束】【Instance】與鄰近元素一同移動":"否","【階段】【Instance】建立階段":"新构造","【階段】【Instance】拆除階段":"無","【尺寸】【Instance】體積":"5.82","【識別資料】【Instance】影像":"<無>","【尺寸】【Type】拉索半径":"75","【識別資料】【Type】類型影像":"<無>","【識別資料】【Type】成本":"0.00"}},{"propertiesV3":[],"uuid":"9e345c03-1e8d-4de7-8f0b-3ce9a36f97f3-00045577","name":"拉索","familyName":"拉索","typeName":"拉索","typeId":271572,"revitId":"284023","typec":"拉索: 拉索","type":"FamilyInstance","category":"OST_GenericModel","properties":{"Category":"一般模型","Name":"拉索","ElementPoint":"(1648.863353461, 28.959833782, 407.308383618)","ElementRotation":"(0.377664978, -0.875812229, -0.300536360)","Mirrored":"False","HandFlipped":"False","HandOrientation":"(0.377664978, -0.875812229, -0.300536360)","FacingFlipped":"False","FacingOrientation":"(-0.731176087, -0.481221653, 0.483536194)","Translation":"(1648.863353461, 28.959833782, 407.308383618)","matrix":"0.377664977745163,-0.875812229214184,-0.300536360102445,0,-0.731176086834076,-0.481221652632224,0.483536194177767,0,-0.568111516013144,0.0371303137179351,-0.822113523290096,0,502.573550134935,8.82695733672346,124.14759532684,1","BoundingBox":"(2099.351653375, 454.934184497, 757.348523497),(1178.473735425, -372.872426147, 64.828242604)","【約束】【Instance】樓層":"标高 1","【約束】【Instance】高程":"344223","【約束】【Instance】與鄰近元素一同移動":"否","【階段】【Instance】建立階段":"新构造","【階段】【Instance】拆除階段":"無","【尺寸】【Instance】體積":"5.57","【識別資料】【Instance】影像":"<無>","【尺寸】【Type】拉索半径":"75","【識別資料】【Type】類型影像":"<無>","【識別資料】【Type】成本":"0.00"}},{"propertiesV3":[],"uuid":"9e345c03-1e8d-4de7-8f0b-3ce9a36f97f3-00045578","name":"拉索","familyName":"拉索","typeName":"拉索","typeId":271572,"revitId":"284024","typec":"拉索: 拉索","type":"FamilyInstance","category":"OST_GenericModel","properties":{"Category":"一般模型","Name":"拉索","ElementPoint":"(1624.233821832, 29.110666385, 403.991624934)","ElementRotation":"(0.375633829, -0.874427678, -0.307043095)","Mirrored":"False","HandFlipped":"False","HandOrientation":"(0.375633829, -0.874427678, -0.307043095)","FacingFlipped":"False","FacingOrientation":"(-0.722723150, -0.483780963, 0.493586090)","Translation":"(1624.233821832, 29.110666385, 403.991624934)","matrix":"0.375633828695572,-0.874427678184563,-0.307043095288365,0,-0.722723149892159,-0.483780963497103,0.493586089722725,0,-0.580146942894178,0.0364995203060221,-0.813693621498884,0,495.066468894251,8.87293111412787,123.136647279776,1","BoundingBox":"(2050.140631979, 436.778387157, 743.461474994),(1178.472158396, -354.478431197, 72.399674309)","【約束】【Instance】樓層":"标高 1","【約束】【Instance】高程":"345092","【約束】【Instance】與鄰近元素一同移動":"否","【階段】【Instance】建立階段":"新构造","【階段】【Instance】拆除階段":"無","【尺寸】【Instance】體積":"5.31","【識別資料】【Instance】影像":"<無>","【尺寸】【Type】拉索半径":"75","【識別資料】【Type】類型影像":"<無>","【識別資料】【Type】成本":"0.00"}},{"propertiesV3":[],"uuid":"9e345c03-1e8d-4de7-8f0b-3ce9a36f97f3-00045579","name":"拉索","familyName":"拉索","typeName":"拉索","typeId":271572,"revitId":"284025","typec":"拉索: 拉索","type":"FamilyInstance","category":"OST_GenericModel","properties":{"Category":"一般模型","Name":"拉索","ElementPoint":"(1599.599290622, 29.264766941, 400.659782077)","ElementRotation":"(0.373292758, -0.872911381, -0.314130926)","Mirrored":"False","HandFlipped":"False","HandOrientation":"(0.373292758, -0.872911381, -0.314130926)","FacingFlipped":"False","FacingOrientation":"(-0.713231431, -0.486570107, 0.504529937)","Translation":"(1599.599290622, 29.264766941, 400.659782077)","matrix":"0.373292758096956,-0.872911380582949,-0.314130925572662,0,-0.713231430642412,-0.486570107118676,0.504529936874214,0,-0.593256641847477,0.0357106777769564,-0.804220930091082,0,487.557863781713,8.91990096351593,122.121101577181,1","BoundingBox":"(2000.929692192, 418.702130405, 729.575541909),(1178.470499757, -336.163976835, 79.969990596)","【約束】【Instance】樓層":"标高 1","【約束】【Instance】高程":"346100","【約束】【Instance】與鄰近元素一同移動":"否","【階段】【Instance】建立階段":"新构造","【階段】【Instance】拆除階段":"無","【尺寸】【Instance】體積":"5.05","【識別資料】【Instance】影像":"<無>","【尺寸】【Type】拉索半径":"75","【識別資料】【Type】類型影像":"<無>","【識別資料】【Type】成本":"0.00"}},{"propertiesV3":[],"uuid":"9e345c03-1e8d-4de7-8f0b-3ce9a36f97f3-0004557a","name":"拉索","familyName":"拉索","typeName":"拉索","typeId":271572,"revitId":"284026","typec":"拉索: 拉索","type":"FamilyInstance","category":"OST_GenericModel","properties":{"Category":"一般模型","Name":"拉索","ElementPoint":"(1574.958567158, 29.422631609, 397.310749376)","ElementRotation":"(0.370578741, -0.871245027, -0.321874976)","Mirrored":"False","HandFlipped":"False","HandOrientation":"(0.370578741, -0.871245027, -0.321874976)","FacingFlipped":"False","FacingOrientation":"(-0.702512171, -0.489618501, 0.516478822)","Translation":"(1574.958567158, 29.422631609, 397.310749376)","matrix":"0.370578740780597,-0.871245026804771,-0.321874975960264,0,-0.702512170599889,-0.489618500975324,0.516478822084419,0,-0.607575548422169,0.0347250164957419,-0.793502442459298,0,480.047371269693,8.96801811445243,121.100316409866,1","BoundingBox":"(1951.718832646, 400.718275214, 715.690903283),(1178.468760879, -317.941924034, 87.539012425)","【約束】【Instance】樓層":"标高 1","【約束】【Instance】高程":"347259","【約束】【Instance】與鄰近元素一同移動":"否","【階段】【Instance】建立階段":"新构造","【階段】【Instance】拆除階段":"無","【尺寸】【Instance】體積":"4.80","【識別資料】【Instance】影像":"<無>","【尺寸】【Type】拉索半径":"75","【識別資料】【Type】類型影像":"<無>","【識別資料】【Type】成本":"0.00"}},{"propertiesV3":[],"uuid":"9e345c03-1e8d-4de7-8f0b-3ce9a36f97f3-0004557b","name":"拉索","familyName":"拉索","typeName":"拉索","typeId":271572,"revitId":"284027","typec":"拉索: 拉索","type":"FamilyInstance","category":"OST_GenericModel","properties":{"Category":"一般模型","Name":"拉索","ElementPoint":"(1550.310119944, 29.584853581, 393.942050389)","ElementRotation":"(0.367412735, -0.869407118, -0.330362143)","Mirrored":"False","HandFlipped":"False","HandOrientation":"(0.367412735, -0.869407118, -0.330362143)","FacingFlipped":"False","FacingOrientation":"(-0.690331551, -0.492959943, 0.529559104)","Translation":"(1550.310119944, 29.584853581, 393.942050389)","matrix":"0.367412734599809,-0.869407118005638,-0.330362143132383,0,-0.690331550684719,-0.492959943021095,0.529559104072313,0,-0.623257757740023,0.033492651996671,-0.781298924662711,0,472.534524558973,9.01746337160613,120.073536958693,1","BoundingBox":"(1902.508048243, 382.842486575, 701.807777561),(1178.466946856, -299.827937784, 95.106521348)","【約束】【Instance】樓層":"标高 1","【約束】【Instance】高程":"348582","【約束】【Instance】與鄰近元素一同移動":"否","【階段】【Instance】建立階段":"新构造","【階段】【Instance】拆除階段":"無","【尺寸】【Instance】體積":"4.55","【識別資料】【Instance】影像":"<無>","【尺寸】【Type】拉索半径":"75","【識別資料】【Type】類型影像":"<無>","【識別資料】【Type】成本":"0.00"}},{"propertiesV3":[],"uuid":"9e345c03-1e8d-4de7-8f0b-3ce9a36f97f3-0004557c","name":"拉索","familyName":"拉索","typeName":"拉索","typeId":271572,"revitId":"284028","typec":"拉索: 拉索","type":"FamilyInstance","category":"OST_GenericModel","properties":{"Category":"一般模型","Name":"拉索","ElementPoint":"(1525.651966145, 29.752145070, 390.550767470)","ElementRotation":"(0.363694869, -0.867372371, -0.339692820)","Mirrored":"False","HandFlipped":"False","HandOrientation":"(0.363694869, -0.867372371, -0.339692820)","FacingFlipped":"False","FacingOrientation":"(-0.676397574, -0.496633104, 0.543913488)","Translation":"(1525.651966145, 29.752145070, 390.550767470)","matrix":"0.363694868689673,-0.867372371238939,-0.339692820206936,0,-0.676397573501926,-0.496633104302961,0.543913487855478,0,-0.640478231518846,0.0319488547798568,-0.76731147888504,0,465.018719280888,9.06845381737069,119.039873924882,1","BoundingBox":"(1853.297328101, 365.094000402, 687.926433912),(1178.465068573, -281.841254001, 102.672248200)","【約束】【Instance】樓層":"标高 1","【約束】【Instance】高程":"350081","【約束】【Instance】與鄰近元素一同移動":"否","【階段】【Instance】建立階段":"新构造","【階段】【Instance】拆除階段":"無","【尺寸】【Instance】體積":"4.30","【識別資料】【Instance】影像":"<無>","【尺寸】【Type】拉索半径":"75","【識別資料】【Type】類型影像":"<無>","【識別資料】【Type】成本":"0.00"}},{"propertiesV3":[],"uuid":"9e345c03-1e8d-4de7-8f0b-3ce9a36f97f3-0004557d","name":"拉索","familyName":"拉索","typeName":"拉索","typeId":271572,"revitId":"284029","typec":"拉索: 拉索","type":"FamilyInstance","category":"OST_GenericModel","properties":{"Category":"一般模型","Name":"拉索","ElementPoint":"(1500.981517004, 29.925364231, 387.133462183)","ElementRotation":"(0.359298028, -0.865111050, -0.349982568)","Mirrored":"False","HandFlipped":"False","HandOrientation":"(0.359298028, -0.865111050, -0.349982568)","FacingFlipped":"False","FacingOrientation":"(-0.660342590, -0.500681872, 0.559701105)","Translation":"(1500.981517004, 29.925364231, 387.133462183)","matrix":"0.359298027955796,-0.865111050402979,-0.349982567534057,0,-0.660342589631347,-0.500681871949515,0.559701105430475,0,-0.659433538293316,0.0300088915454183,-0.751163680566475,0,457.499166382775,9.1212510174991,117.998279273307,1","BoundingBox":"(1804.086652421, 347.496639209, 674.047207669),(1178.463145828, -264.005695199, 110.235857645)","【約束】【Instance】樓層":"标高 1","【約束】【Instance】高程":"351764","【約束】【Instance】與鄰近元素一同移動":"否","【階段】【Instance】建立階段":"新构造","【階段】【Instance】拆除階段":"無","【尺寸】【Instance】體積":"4.05","【識別資料】【Instance】影像":"<無>","【尺寸】【Type】拉索半径":"75","【識別資料】【Type】類型影像":"<無>","【識別資料】【Type】成本":"0.00"}},{"propertiesV3":[],"uuid":"9e345c03-1e8d-4de7-8f0b-3ce9a36f97f3-0004557e","name":"拉索","familyName":"拉索","typeName":"拉索","typeId":271572,"revitId":"284030","typec":"拉索: 拉索","type":"FamilyInstance","category":"OST_GenericModel","properties":{"Category":"一般模型","Name":"拉索","ElementPoint":"(1476.295364637, 30.105547537, 383.686090737)","ElementRotation":"(0.354059304, -0.862588258, -0.361363400)","Mirrored":"False","HandFlipped":"False","HandOrientation":"(0.354059304, -0.862588258, -0.361363400)","FacingFlipped":"False","FacingOrientation":"(-0.641699967, -0.505155320, 0.577095533)","Translation":"(1476.295364637, 30.105547537, 383.686090737)","matrix":"0.354059304158048,-0.862588257774193,-0.361363399764283,0,-0.64169996709103,-0.505155320386747,0.577095533270128,0,-0.680340474596719,0.0275608387943041,-0.732377797854676,0,449.974827141487,9.17617088937711,116.947520456776,1","BoundingBox":"(1754.875987754, 330.080166652, 660.170521840),(1178.461212069, -246.351025031, 117.796926676)","【約束】【Instance】樓層":"标高 1","【約束】【Instance】高程":"353637","【約束】【Instance】與鄰近元素一同移動":"否","【階段】【Instance】建立階段":"新构造","【階段】【Instance】拆除階段":"無","【尺寸】【Instance】體積":"3.80","【識別資料】【Instance】影像":"<無>","【尺寸】【Type】拉索半径":"75","【識別資料】【Type】類型影像":"<無>","【識別資料】【Type】成本":"0.00"}},{"propertiesV3":[],"uuid":"9e345c03-1e8d-4de7-8f0b-3ce9a36f97f3-0004557f","name":"拉索","familyName":"拉索","typeName":"拉索","typeId":271572,"revitId":"284031","typec":"拉索: 拉索","type":"FamilyInstance","category":"OST_GenericModel","properties":{"Category":"一般模型","Name":"拉索","ElementPoint":"(1451.588987686, 30.293947460, 380.203925169)","ElementRotation":"(0.347768672, -0.859763273, -0.373984045)","Mirrored":"False","HandFlipped":"False","HandOrientation":"(0.347768672, -0.859763273, -0.373984045)","FacingFlipped":"False","FacingOrientation":"(-0.619872991, -0.510106894, 0.596278821)","Translation":"(1451.588987686, 30.293947460, 380.203925169)","matrix":"0.347768672232929,-0.859763272604623,-0.373984044704496,0,-0.619872990943981,-0.510106893590517,0.596278820862855,0,-0.703430469706501,0.0244555145442121,-0.710343228374051,0,442.444323446725,9.23359518582011,115.886156391501,1","BoundingBox":"(1705.665279775, 312.882104055, 646.296917688),(1178.459321623, -228.914764824, 125.354914030)","【約束】【Instance】樓層":"标高 1","【約束】【Instance】高程":"355694","【約束】【Instance】與鄰近元素一同移動":"否","【階段】【Instance】建立階段":"新构造","【階段】【Instance】拆除階段":"無","【尺寸】【Instance】體積":"3.56","【識別資料】【Instance】影像":"<無>","【尺寸】【Type】拉索半径":"75","【識別資料】【Type】類型影像":"<無>","【識別資料】【Type】成本":"0.00"}},{"propertiesV3":[],"uuid":"9e345c03-1e8d-4de7-8f0b-3ce9a36f97f3-00045580","name":"拉索","familyName":"拉索","typeName":"拉索","typeId":271572,"revitId":"284032","typec":"拉索: 拉索","type":"FamilyInstance","category":"OST_GenericModel","properties":{"Category":"一般模型","Name":"拉索","ElementPoint":"(1426.856346825, 30.492073650, 376.681503848)","ElementRotation":"(0.340154221, -0.856589121, -0.388007969)","Mirrored":"False","HandFlipped":"False","HandOrientation":"(0.340154221, -0.856589121, -0.388007969)","FacingFlipped":"False","FacingOrientation":"(-0.594093748, -0.515592031, 0.617428114)","Translation":"(1426.856346825, 30.492073650, 376.681503848)","matrix":"0.340154220581336,-0.856589121081222,-0.388007968817656,0,-0.594093748069686,-0.515592030658384,0.61742811437938,0,-0.7289360223814,0.0204923294640649,-0.684275046825412,0,434.905814512127,9.29398404845489,114.812522372975,1","BoundingBox":"(1656.454442277, 295.950173772, 632.427099358),(1178.457560696, -211.744636931, 132.909115562)","【約束】【Instance】樓層":"标高 1","【約束】【Instance】高程":"357912","【約束】【Instance】與鄰近元素一同移動":"否","【階段】【Instance】建立階段":"新构造","【階段】【Instance】拆除階段":"無","【尺寸】【Instance】體積":"3.33","【識別資料】【Instance】影像":"<無>","【尺寸】【Type】拉索半径":"75","【識別資料】【Type】類型影像":"<無>","【識別資料】【Type】成本":"0.00"}},{"propertiesV3":[],"uuid":"9e345c03-1e8d-4de7-8f0b-3ce9a36f97f3-00045581","name":"拉索","familyName":"拉索","typeName":"拉索","typeId":271572,"revitId":"284033","typec":"拉索: 拉索","type":"FamilyInstance","category":"OST_GenericModel","properties":{"Category":"一般模型","Name":"拉索","ElementPoint":"(1402.089336728, 30.701732342, 373.112659202)","ElementRotation":"(0.330863509, -0.853012739, -0.403606995)","Mirrored":"False","HandFlipped":"False","HandOrientation":"(0.330863509, -0.853012739, -0.403606995)","FacingFlipped":"False","FacingOrientation":"(-0.563369853, -0.521662846, 0.640688913)","Translation":"(1402.089336728, 30.701732342, 373.112659202)","matrix":"0.33086350853053,-0.853012738709218,-0.40360699488818,0,-0.563369852789675,-0.521662846203521,0.640688913481872,0,-0.757062578450822,0.0153994315038117,-0.653160860599249,0,427.356829834639,9.35788801792319,113.724738524799,1","BoundingBox":"(1607.243340450, 279.345580895, 618.562000972),(1178.456064098, -194.901846443, 140.458597150)","【約束】【Instance】樓層":"标高 1","【約束】【Instance】高程":"360242","【約束】【Instance】與鄰近元素一同移動":"否","【階段】【Instance】建立階段":"新构造","【階段】【Instance】拆除階段":"無","【尺寸】【Instance】體積":"3.09","【識別資料】【Instance】影像":"<無>","【尺寸】【Type】拉索半径":"75","【識別資料】【Type】類型影像":"<無>","【識別資料】【Type】成本":"0.00"}},{"propertiesV3":[],"uuid":"9e345c03-1e8d-4de7-8f0b-3ce9a36f97f3-00045582","name":"拉索","familyName":"拉索","typeName":"拉索","typeId":271572,"revitId":"284034","typec":"拉索: 拉索","type":"FamilyInstance","category":"OST_GenericModel","properties":{"Category":"一般模型","Name":"拉索","ElementPoint":"(1377.277066773, 30.925051800, 369.490714612)","ElementRotation":"(0.319441602, -0.848976387, -0.420946740)","Mirrored":"False","HandFlipped":"False","HandOrientation":"(0.319441602, -0.848976387, -0.420946740)","FacingFlipped":"False","FacingOrientation":"(-0.526418280, -0.528357405, 0.666124798)","Translation":"(1377.277066773, 30.925051800, 369.490714612)","matrix":"0.31944160157339,-0.848976386749132,-0.420946740011865,0,-0.526418279933445,-0.528357405157603,0.666124798342651,0,-0.787934551683159,0.00880608639030914,-0.615696024923294,0,419.794049952446,9.42595578876778,112.620769813638,1","BoundingBox":"(1558.031765730, 263.147380385, 604.702891099),(1178.455040393, -178.465448323, 148.002090225)","【約束】【Instance】樓層":"标高 1","【約束】【Instance】高程":"362580","【約束】【Instance】與鄰近元素一同移動":"否","【階段】【Instance】建立階段":"新构造","【階段】【Instance】拆除階段":"無","【尺寸】【Instance】體積":"2.87","【識別資料】【Instance】影像":"<無>","【尺寸】【Type】拉索半径":"75","【識別資料】【Type】類型影像":"<無>","【識別資料】【Type】成本":"0.00"}},{"propertiesV3":[],"uuid":"9e345c03-1e8d-4de7-8f0b-3ce9a36f97f3-00045583","name":"拉索","familyName":"拉索","typeName":"拉索","typeId":271572,"revitId":"284035","typec":"拉索: 拉索","type":"FamilyInstance","category":"OST_GenericModel","properties":{"Category":"一般模型","Name":"拉索","ElementPoint":"(1352.404978741, 31.164469214, 365.809017923)","ElementRotation":"(0.305309067, -0.844421444, -0.440157698)","Mirrored":"False","HandFlipped":"False","HandOrientation":"(0.305309067, -0.844421444, -0.440157698)","FacingFlipped":"False","FacingOrientation":"(-0.481590292, -0.535679366, 0.693626994)","Translation":"(1352.404978741, 31.164469214, 365.809017923)","matrix":"0.305309066557882,-0.844421443597603,-0.440157698410575,0,-0.481590291828801,-0.535679366357521,0.693626994338496,0,-0.82149690485954,0.000205064247406898,-0.5702129367656,0,412.213037520294,9.49893021632151,111.49858866284,1","BoundingBox":"(1508.819398853, 247.458154147, 590.851542144),(1178.454808845, -162.538024475, 155.537822382)","【約束】【Instance】樓層":"标高 1","【約束】【Instance】高程":"364739","【約束】【Instance】與鄰近元素一同移動":"否","【階段】【Instance】建立階段":"新构造","【階段】【Instance】拆除階段":"無","【尺寸】【Instance】體積":"2.65","【識別資料】【Instance】影像":"<無>","【尺寸】【Type】拉索半径":"75","【識別資料】【Type】類型影像":"<無>","【識別資料】【Type】成本":"0.00"}},{"propertiesV3":[],"uuid":"9e345c03-1e8d-4de7-8f0b-3ce9a36f97f3-00045584","name":"拉索","familyName":"拉索","typeName":"拉索","typeId":271572,"revitId":"284036","typec":"拉索: 拉索","type":"FamilyInstance","category":"OST_GenericModel","properties":{"Category":"一般模型","Name":"拉索","ElementPoint":"(1327.453922661, 31.422635094, 362.062094754)","ElementRotation":"(0.287749795, -0.839296235, -0.461282868)","Mirrored":"False","HandFlipped":"False","HandOrientation":"(0.287749795, -0.839296235, -0.461282868)","FacingFlipped":"False","FacingOrientation":"(-0.426803614, -0.543561126, 0.722758589)","Translation":"(1327.453922661, 31.422635094, 362.062094754)","matrix":"0.287749795159932,-0.839296235457666,-0.461282868240311,0,-0.426803613590173,-0.543561126414873,0.722758588518299,0,-0.857343997944691,-0.011096440744018,-0.514624268948742,0,404.607955627206,9.57761917665247,110.356526481107,1","BoundingBox":"(1459.605758143, 233.089020066, 577.010517789),(1178.455851129, -147.930692783, 163.063229940)","【約束】【Instance】樓層":"标高 1","【約束】【Instance】高程":"366395","【約束】【Instance】與鄰近元素一同移動":"否","【階段】【Instance】建立階段":"新构造","【階段】【Instance】拆除階段":"無","【尺寸】【Instance】體積":"2.45","【識別資料】【Instance】影像":"<無>","【尺寸】【Type】拉索半径":"75","【識別資料】【Type】類型影像":"<無>","【識別資料】【Type】成本":"0.00"}},{"propertiesV3":[],"uuid":"9e345c03-1e8d-4de7-8f0b-3ce9a36f97f3-00045585","name":"拉索","familyName":"拉索","typeName":"拉索","typeId":271572,"revitId":"284037","typec":"拉索: 拉索","type":"FamilyInstance","category":"OST_GenericModel","properties":{"Category":"一般模型","Name":"拉索","ElementPoint":"(1302.399596334, 31.702169908, 358.247841786)","ElementRotation":"(0.265932746, -0.833569686, -0.484191443)","Mirrored":"False","HandFlipped":"False","HandOrientation":"(0.265932746, -0.833569686, -0.484191443)","FacingFlipped":"False","FacingOrientation":"(-0.359524987, -0.551800432, 0.752501207)","Translation":"(1302.399596334, 31.702169908, 358.247841786)","matrix":"0.265932746347689,-0.833569685568405,-0.484191443255006,0,-0.359524987287447,-0.551800432161351,0.752501207030598,0,-0.894439242171282,-0.0260357901346508,-0.446430934967692,0,396.971396962607,9.6628213879068,109.193942176396,1","BoundingBox":"(1410.390134145, 219.643393300, 563.183685203),(1178.458876702, -134.246868408, 170.574445727)","【約束】【Instance】樓層":"标高 1","【約束】【Instance】高程":"366998","【約束】【Instance】與鄰近元素一同移動":"否","【階段】【Instance】建立階段":"新构造","【階段】【Instance】拆除階段":"無","【尺寸】【Instance】體積":"2.25","【識別資料】【Instance】影像":"<無>","【尺寸】【Type】拉索半径":"75","【識別資料】【Type】類型影像":"<無>","【識別資料】【Type】成本":"0.00"}},{"propertiesV3":[],"uuid":"9e345c03-1e8d-4de7-8f0b-3ce9a36f97f3-00045586","name":"拉索","familyName":"拉索","typeName":"拉索","typeId":271572,"revitId":"284038","typec":"拉索: 拉索","type":"FamilyInstance","category":"OST_GenericModel","properties":{"Category":"一般模型","Name":"拉索","ElementPoint":"(1722.730380521, 28.523087362, 417.184851214)","ElementRotation":"(0.382358915, -0.879320863, -0.283895191)","Mirrored":"False","HandFlipped":"False","HandOrientation":"(0.382358915, -0.879320863, -0.283895191)","FacingFlipped":"False","FacingOrientation":"(-0.751705561, -0.474683345, 0.457836730)","Translation":"(1722.730380521, 28.523087362, 417.184851214)","matrix":"0.382358914542486,-0.879320863437391,-0.283895191212555,0,-0.751705561329088,-0.474683344674512,0.457836730020146,0,-0.537345707656452,0.0383476389408778,-0.842489791659725,0,525.088219982684,8.69383702798154,127.157942649876,1","BoundingBox":"(2246.985190616, 509.780932340, 799.014999290),(1178.477993459, -428.433766821, 42.108617204)","【約束】【Instance】樓層":"标高 1","【約束】【Instance】高程":"342338","【約束】【Instance】與鄰近元素一同移動":"否","【階段】【Instance】建立階段":"新构造","【階段】【Instance】拆除階段":"無","【尺寸】【Instance】體積":"6.34","【識別資料】【Instance】影像":"<無>","【尺寸】【Type】拉索半径":"75","【識別資料】【Type】類型影像":"<無>","【識別資料】【Type】成本":"0.00"}},{"propertiesV3":[],"uuid":"9e345c03-1e8d-4de7-8f0b-3ce9a36f97f3-00045587","name":"拉索","familyName":"拉索","typeName":"拉索","typeId":271572,"revitId":"284039","typec":"拉索: 拉索","type":"FamilyInstance","category":"OST_GenericModel","properties":{"Category":"一般模型","Name":"拉索","ElementPoint":"(1268.849772855, 55.832416733, 354.634878728)","ElementRotation":"(-0.059025985, 0.943466164, -0.326171014)","Mirrored":"False","HandFlipped":"False","HandOrientation":"(-0.059025985, 0.943466164, -0.326171014)","FacingFlipped":"False","FacingOrientation":"(-0.662042904, 0.207549341, 0.720154473)","Translation":"(1268.849772855, 55.832416733, 354.634878728)","matrix":"-0.0590259847149101,0.943466163915563,-0.326171014461568,0,-0.662042903605406,0.207549341105204,0.720154472868508,0,0.747137957082999,0.258447032393968,0.612364274376448,0,386.74541076632,17.0177206201918,108.092711036154,1","BoundingBox":"(1409.016438896, 160.947890156, 531.047258049),(1130.619973525, -75.551365263, 196.723340073)","【約束】【Instance】樓層":"标高 1","【約束】【Instance】高程":"230191","【約束】【Instance】與鄰近元素一同移動":"否","【階段】【Instance】建立階段":"新构造","【階段】【Instance】拆除階段":"無","【尺寸】【Instance】體積":"2.08","【識別資料】【Instance】影像":"<無>","【尺寸】【Type】拉索半径":"75","【識別資料】【Type】類型影像":"<無>","【識別資料】【Type】成本":"0.00"}},{"propertiesV3":[],"uuid":"9e345c03-1e8d-4de7-8f0b-3ce9a36f97f3-00045588","name":"拉索","familyName":"拉索","typeName":"拉索","typeId":271572,"revitId":"284040","typec":"拉索: 拉索","type":"FamilyInstance","category":"OST_GenericModel","properties":{"Category":"一般模型","Name":"拉索","ElementPoint":"(1245.634838709, 28.811462616, 369.835292814)","ElementRotation":"(0.282854668, -0.874105171, 0.394884018)","Mirrored":"False","HandFlipped":"False","HandOrientation":"(0.282854668, -0.874105171, 0.394884018)","FacingFlipped":"False","FacingOrientation":"(0.412683423, -0.260734646, -0.872759897)","Translation":"(1245.634838709, 28.811462616, 369.835292814)","matrix":"0.282854668081408,-0.874105170627987,0.394884017688706,0,0.412683422847222,-0.260734645568729,-0.872759896596566,0,0.865843882724627,0.409826298914024,0.286978702113546,0,379.669498838481,8.78173380529342,112.725797249696,1","BoundingBox":"(1353.946324262, 159.834602316, 539.170716081),(1136.477489734, -74.438077424, 184.252769181)","【約束】【Instance】樓層":"标高 1","【約束】【Instance】高程":"-165118","【約束】【Instance】與鄰近元素一同移動":"否","【階段】【Instance】建立階段":"新构造","【階段】【Instance】拆除階段":"無","【尺寸】【Instance】體積":"1.93","【識別資料】【Instance】影像":"<無>","【尺寸】【Type】拉索半径":"75","【識別資料】【Type】類型影像":"<無>","【識別資料】【Type】成本":"0.00"}},{"propertiesV3":[],"uuid":"9e345c03-1e8d-4de7-8f0b-3ce9a36f97f3-00045589","name":"拉索","familyName":"拉索","typeName":"拉索","typeId":271572,"revitId":"284041","typec":"拉索: 拉索","type":"FamilyInstance","category":"OST_GenericModel","properties":{"Category":"一般模型","Name":"拉索","ElementPoint":"(1697.220954192, -47.815636349, 415.635206699)","ElementRotation":"(0.317204155, -0.933908999, -0.164910600)","Mirrored":"False","HandFlipped":"False","HandOrientation":"(0.317204155, -0.933908999, -0.164910600)","FacingFlipped":"False","FacingOrientation":"(-0.774844137, -0.355482045, 0.522732320)","Translation":"(1697.220954192, -47.815636349, 415.635206699)","matrix":"0.317204155063506,-0.933908998829179,-0.164910599769474,0,-0.77484413730574,-0.355482044591614,0.522732320462289,0,-0.546807175239472,-0.0380328526256759,-0.836394294114793,0,517.312946837781,-14.5742059590668,126.685611001794,1","BoundingBox":"(2197.762803922, 367.350364806, 785.103741110),(1178.487781728, -436.664003611, 49.704258587)","【約束】【Instance】樓層":"标高 1","【約束】【Instance】高程":"354139","【約束】【Instance】與鄰近元素一同移動":"否","【階段】【Instance】建立階段":"新构造","【階段】【Instance】拆除階段":"無","【尺寸】【Instance】體積":"6.08","【識別資料】【Instance】影像":"<無>","【尺寸】【Type】拉索半径":"75","【識別資料】【Type】類型影像":"<無>","【識別資料】【Type】成本":"0.00"}},{"propertiesV3":[],"uuid":"9e345c03-1e8d-4de7-8f0b-3ce9a36f97f3-0004558a","name":"拉索","familyName":"拉索","typeName":"拉索","typeId":271572,"revitId":"284042","typec":"拉索: 拉索","type":"FamilyInstance","category":"OST_GenericModel","properties":{"Category":"一般模型","Name":"拉索","ElementPoint":"(1672.562555519, -47.957251066, 412.380554706)","ElementRotation":"(0.313052421, -0.934797504, -0.167785007)","Mirrored":"False","HandFlipped":"False","HandOrientation":"(0.313052421, -0.934797504, -0.167785007)","FacingFlipped":"False","FacingOrientation":"(-0.769228797, -0.353181755, 0.532493856)","Translation":"(1672.562555519, -47.957251066, 412.380554706)","matrix":"0.313052421372377,-0.934797503735385,-0.167785006728807,0,-0.76922879687166,-0.353181754633056,0.532493855605579,0,-0.557032530052124,-0.0376334320041355,-0.829637562589423,0,509.797066922293,-14.6173701247895,125.693593074514,1","BoundingBox":"(2148.551170314, 349.179301041, 771.214417720),(1178.486816911, -418.731137456, 57.277965179)","【約束】【Instance】樓層":"标高 1","【約束】【Instance】高程":"355013","【約束】【Instance】與鄰近元素一同移動":"否","【階段】【Instance】建立階段":"新构造","【階段】【Instance】拆除階段":"無","【尺寸】【Instance】體積":"5.82","【識別資料】【Instance】影像":"<無>","【尺寸】【Type】拉索半径":"75","【識別資料】【Type】類型影像":"<無>","【識別資料】【Type】成本":"0.00"}},{"propertiesV3":[],"uuid":"9e345c03-1e8d-4de7-8f0b-3ce9a36f97f3-0004558b","name":"拉索","familyName":"拉索","typeName":"拉索","typeId":271572,"revitId":"284043","typec":"拉索: 拉索","type":"FamilyInstance","category":"OST_GenericModel","properties":{"Category":"一般模型","Name":"拉索","ElementPoint":"(1647.897830508, -48.100924003, 409.117216387)","ElementRotation":"(0.308467086, -0.935757146, -0.170899448)","Mirrored":"False","HandFlipped":"False","HandOrientation":"(0.308467086, -0.935757146, -0.170899448)","FacingFlipped":"False","FacingOrientation":"(-0.762953054, -0.350684908, 0.543067890)","Translation":"(1647.897830508, -48.100924003, 409.117216387)","matrix":"0.308467086066717,-0.93575714552531,-0.170899448249057,0,-0.762953053723986,-0.350684907575919,0.543067890241831,0,-0.568111516013144,-0.0371303137179351,-0.822113523290096,0,502.279258738733,-14.6611616361839,124.698927554791,1","BoundingBox":"(2099.339577307, 331.073660813, 757.325899916),(1178.485811493, -400.863694838, 64.850866185)","【約束】【Instance】樓層":"标高 1","【約束】【Instance】高程":"356024","【約束】【Instance】與鄰近元素一同移動":"否","【階段】【Instance】建立階段":"新构造","【階段】【Instance】拆除階段":"無","【尺寸】【Instance】體積":"5.57","【識別資料】【Instance】影像":"<無>","【尺寸】【Type】拉索半径":"75","【識別資料】【Type】類型影像":"<無>","【識別資料】【Type】成本":"0.00"}},{"propertiesV3":[],"uuid":"9e345c03-1e8d-4de7-8f0b-3ce9a36f97f3-0004558c","name":"拉索","familyName":"拉索","typeName":"拉索","typeId":271572,"revitId":"284044","typec":"拉索: 拉索","type":"FamilyInstance","category":"OST_GenericModel","properties":{"Category":"一般模型","Name":"拉索","ElementPoint":"(1623.225649764, -48.246933799, 405.844052567)","ElementRotation":"(0.303379325, -0.936796052, -0.174281791)","Mirrored":"False","HandFlipped":"False","HandOrientation":"(0.303379325, -0.936796052, -0.174281791)","FacingFlipped":"False","FacingOrientation":"(-0.755903770, -0.347966870, 0.554552565)","Translation":"(1623.225649764, -48.246933799, 405.844052567)","matrix":"0.303379325303261,-0.936796051623476,-0.174281790905433,0,-0.755903770085239,-0.347966870089807,0.55455256530903,0,-0.580146942894178,-0.0364995203060222,-0.813693621498884,0,494.759178048108,-14.7056654218443,123.701267222389,1","BoundingBox":"(2050.128022487, 313.043011369, 743.438306160),(1178.484767888, -383.071243004, 72.422843143)","【約束】【Instance】樓層":"标高 1","【約束】【Instance】高程":"357186","【約束】【Instance】與鄰近元素一同移動":"否","【階段】【Instance】建立階段":"新构造","【階段】【Instance】拆除階段":"無","【尺寸】【Instance】體積":"5.31","【識別資料】【Instance】影像":"<無>","【尺寸】【Type】拉索半径":"75","【識別資料】【Type】類型影像":"<無>","【識別資料】【Type】成本":"0.00"}},{"propertiesV3":[],"uuid":"9e345c03-1e8d-4de7-8f0b-3ce9a36f97f3-0004558d","name":"拉索","familyName":"拉索","typeName":"拉索","typeId":271572,"revitId":"284045","typec":"拉索: 拉索","type":"FamilyInstance","category":"OST_GenericModel","properties":{"Category":"一般模型","Name":"拉索","ElementPoint":"(1598.544618278, -48.395607668, 402.559735687)","ElementRotation":"(0.297705635, -0.937923425, -0.177963491)","Mirrored":"False","HandFlipped":"False","HandOrientation":"(0.297705635, -0.937923425, -0.177963491)","FacingFlipped":"False","FacingOrientation":"(-0.747942452, -0.344999125, 0.567060571)","Translation":"(1598.544618278, -48.395607668, 402.559735687)","matrix":"0.297705634674276,-0.937923424977329,-0.177963490531015,0,-0.747942452323065,-0.344999125174988,0.567060571404372,0,-0.593256641847477,-0.0357106777769565,-0.804220930091082,0,487.236399651125,-14.7509812170826,122.700207437252,1","BoundingBox":"(2000.916501108, 295.098818970, 729.551778655),(117