{"items" : [{"matrix" : [-0.36054620012067573, 0.0, 0.9327413562068217, 0.0, -0.0, 0.9999999999999997, 0.0, 0.0, -0.9327413562068221, -0.0, -0.36054620012067584, 0.0, -67.5093547273653, 5.4, 17.3437518423612, 1.0], "name" : "(自动扶梯)自动扶梯_1000mm (h=9900mm)", "path" : "3081925.sbmx", "position" : [-67.5093547273653, 5.4, 17.3437518423612], "rotation" : [3.141592653589793, -1.2019429137555884, 3.141592653589793], "scale" : [0.9999999999999997, 0.9999999999999997, 1.0]}, {"matrix" : [-0.36054620012067573, 0.0, 0.9327413562068217, 0.0, -0.0, 0.9999999999999997, 0.0, 0.0, -0.9327413562068221, -0.0, -0.36054620012067584, 0.0, -65.8770573540033, 5.4, 17.9747076925723, 1.0], "name" : "(自动扶梯)自动扶梯_1000mm (h=9900mm)", "path" : "3081925.sbmx", "position" : [-65.8770573540033, 5.4, 17.9747076925723], "rotation" : [3.141592653589793, -1.2019429137555884, 3.141592653589793], "scale" : [0.9999999999999997, 0.9999999999999997, 1.0]}, {"matrix" : [-0.36054620012067573, 0.0, 0.9327413562068217, 0.0, -0.0, 0.9999999999999997, 0.0, 0.0, -0.9327413562068221, -0.0, -0.36054620012067584, 0.0, -79.0833563133608, 15.3, 47.2859615609337, 1.0], "name" : "(自动扶梯)自动扶梯_1000mm (h=9900mm)", "path" : "3081925.sbmx", "position" : [-79.0833563133608, 15.3, 47.2859615609337], "rotation" : [3.141592653589793, -1.2019429137555884, 3.141592653589793], "scale" : [0.9999999999999997, 0.9999999999999997, 1.0]}, {"matrix" : [-0.36054620012067573, 0.0, 0.9327413562068217, 0.0, -0.0, 0.9999999999999997, 0.0, 0.0, -0.9327413562068221, -0.0, -0.36054620012067584, 0.0, -77.4510589399988, 15.3, 47.9169174111448, 1.0], "name" : "(自动扶梯)自动扶梯_1000mm (h=9900mm)", "path" : "3081925.sbmx", "position" : [-77.4510589399988, 15.3, 47.9169174111448], "rotation" : [3.141592653589793, -1.2019429137555884, 3.141592653589793], "scale" : [0.9999999999999997, 0.9999999999999997, 1.0]}], "type" : "RvtZip", "version" : "0.0.1"}